4
4 4
-0.00000000000000000e+00 0.00000000000000000e+00
0.00000000000000000e+00 0.00000000000000000e+00
0.00000000000000000e+00 7.07106781186547462e-01
0.00000000000000000e+00 -0.00000000000000000e+00
0.00000000000000000e+00 0.00000000000000000e+00
0.00000000000000000e+00 0.00000000000000000e+00
0.00000000000000000e+00 -0.00000000000000000e+00
0.00000000000000000e+00 -7.07106781186547462e-01
-0.00000000000000000e+00 -7.07106781186547462e-01
0.00000000000000000e+00 0.00000000000000000e+00
-0.00000000000000000e+00 0.00000000000000000e+00
0.00000000000000000e+00 0.00000000000000000e+00
0.00000000000000000e+00 0.00000000000000000e+00
0.00000000000000000e+00 7.07106781186547462e-01
0.00000000000000000e+00 0.00000000000000000e+00
0.00000000000000000e+00 0.00000000000000000e+00
4 4
-0.00000000000000000e+00 0.00000000000000000e+00
0.00000000000000000e+00 0.00000000000000000e+00
-7.07106781186547462e-01 0.00000000000000000e+00
0.00000000000000000e+00 0.00000000000000000e+00
0.00000000000000000e+00 0.00000000000000000e+00
0.00000000000000000e+00 0.00000000000000000e+00
0.00000000000000000e+00 0.00000000000000000e+00
7.07106781186547462e-01 0.00000000000000000e+00
-7.07106781186547462e-01 0.00000000000000000e+00
0.00000000000000000e+00 0.00000000000000000e+00
-0.00000000000000000e+00 0.00000000000000000e+00
0.00000000000000000e+00 0.00000000000000000e+00
0.00000000000000000e+00 0.00000000000000000e+00
7.07106781186547462e-01 0.00000000000000000e+00
0.00000000000000000e+00 0.00000000000000000e+00
0.00000000000000000e+00 0.00000000000000000e+00
4 4
0.00000000000000000e+00 0.00000000000000000e+00
7.07106781186547462e-01 0.00000000000000000e+00
0.00000000000000000e+00 0.00000000000000000e+00
0.00000000000000000e+00 0.00000000000000000e+00
7.07106781186547462e-01 0.00000000000000000e+00
0.00000000000000000e+00 0.00000000000000000e+00
0.00000000000000000e+00 0.00000000000000000e+00
0.00000000000000000e+00 0.00000000000000000e+00
0.00000000000000000e+00 0.00000000000000000e+00
0.00000000000000000e+00 0.00000000000000000e+00
0.00000000000000000e+00 0.00000000000000000e+00
7.07106781186547462e-01 0.00000000000000000e+00
0.00000000000000000e+00 0.00000000000000000e+00
0.00000000000000000e+00 0.00000000000000000e+00
7.07106781186547462e-01 0.00000000000000000e+00
0.00000000000000000e+00 0.00000000000000000e+00
4 4
0.00000000000000000e+00 0.00000000000000000e+00
0.00000000000000000e+00 -7.07106781186547462e-01
0.00000000000000000e+00 0.00000000000000000e+00
0.00000000000000000e+00 -0.00000000000000000e+00
0.00000000000000000e+00 7.07106781186547462e-01
0.00000000000000000e+00 0.00000000000000000e+00
0.00000000000000000e+00 0.00000000000000000e+00
0.00000000000000000e+00 0.00000000000000000e+00
0.00000000000000000e+00 0.00000000000000000e+00
0.00000000000000000e+00 -0.00000000000000000e+00
0.00000000000000000e+00 0.00000000000000000e+00
0.00000000000000000e+00 -7.07106781186547462e-01
0.00000000000000000e+00 0.00000000000000000e+00
0.00000000000000000e+00 0.00000000000000000e+00
0.00000000000000000e+00 7.07106781186547462e-01
0.00000000000000000e+00 0.00000000000000000e+00
