6
8 8
0 -0
-0 0
-0 0
0 0
-0 -0.707107
0 0
0 0
0 0
-0 0
-0 0
0 0
0 0
0 0
0 0.707107
0 0
0 0
-0 0
0 0
-0 0
0 0
0 0
0 0
0 0.707107
0 0
0 0
0 0
0 0
0 0
0 0
0 0
0 0
0 -0.707107
0 0.707107
0 -0
-0 0
0 0
0 -0
-0 0
-0 0
0 0
0 -0
0 -0.707107
0 0
0 0
-0 0
-0 0
0 0
0 0
-0 0
0 0
-0 -0.707107
0 0
-0 0
0 0
-0 0
0 0
0 0
0 0
0 0
0 0.707107
0 0
0 0
0 0
0 0
8 8
0 -0
-0 0
-0 0
0 0
0.707107 -0
-0 0
-0 0
0 0
-0 0
-0 0
0 0
0 0
-0 0
-0.707107 0
0 0
0 0
-0 0
0 0
-0 0
0 0
-0 0
0 0
-0.707107 0
0 0
0 0
0 0
0 0
0 0
0 0
0 0
0 0
0.707107 0
0.707107 -0
-0 0
-0 0
0 0
0 -0
-0 0
-0 0
0 0
-0 0
-0.707107 0
0 0
0 0
-0 0
-0 0
0 0
0 0
-0 0
0 0
-0.707107 0
0 0
-0 0
0 0
-0 0
0 0
0 0
0 0
0 0
0.707107 0
0 0
0 0
0 0
0 0
8 8
-0 0
0 0
-0.707107 0
0 0
-0 0
0 0
-0 0
0 0
0 0
0 0
0 0
0.707107 0
0 0
0 0
0 0
0 0
-0.707107 0
0 0
-0 0
0 0
-0 0
0 0
-0 0
0 0
0 0
0.707107 0
0 0
0 0
0 0
0 0
0 0
0 0
-0 0
0 0
-0 0
0 0
-0 0
0 0
-0.707107 0
0 0
0 0
0 0
0 0
0 0
0 0
0 0
0 0
0.707107 0
-0 0
0 0
-0 0
0 0
-0.707107 0
0 0
-0 0
0 0
0 0
0 0
0 0
0 0
0 0
0.707107 0
0 0
0 0
8 8
-0 0
0 0
0 0.707107
0 0
-0 0
0 0
0 0
0 0
0 0
0 0
0 0
0 -0.707107
0 0
0 0
0 0
0 0
-0 -0.707107
0 0
-0 0
0 0
-0 0
0 0
-0 0
0 0
0 0
0 0.707107
0 0
0 0
0 0
0 0
0 0
0 0
-0 0
0 0
0 0
0 0
-0 0
0 0
0 0.707107
0 0
0 0
0 0
0 0
0 0
0 0
0 0
0 0
0 -0.707107
-0 0
0 0
-0 0
0 0
-0 -0.707107
0 0
-0 0
0 0
0 0
0 0
0 0
0 0
0 0
0 0.707107
0 0
0 0
8 8
0 0
0.707107 0
0 0
0 0
0 0
0 0
0 0
0 0
0.707107 0
0 0
0 0
0 0
0 0
0 0
0 0
0 0
0 0
0 0
0 0
0.707107 0
0 0
0 0
0 0
0 0
0 0
0 0
0.707107 0
0 0
0 0
0 0
0 0
0 0
0 0
0 0
0 0
0 0
0 0
0.707107 0
0 0
0 0
0 0
0 0
0 0
0 0
0.707107 0
0 0
0 0
0 0
0 0
0 0
0 0
0 0
0 0
0 0
0 0
0.707107 0
0 0
0 0
0 0
0 0
0 0
0 0
0.707107 0
0 0
8 8
0 0
0 -0.707107
0 0
0 -0
0 0
0 -0
0 0
0 -0
0 0.707107
0 0
0 0
0 0
0 0
0 0
0 0
0 0
0 0
0 -0
0 0
0 -0.707107
0 0
0 -0
0 0
0 -0
0 0
0 0
0 0.707107
0 0
0 0
0 0
0 0
0 0
0 0
0 -0
0 0
0 -0
0 0
0 -0.707107
0 0
0 -0
0 0
0 0
0 0
0 0
0 0.707107
0 0
0 0
0 0
0 0
0 -0
0 0
0 -0
0 0
0 -0
0 0
0 -0.707107
0 0
0 0
0 0
0 0
0 0
0 0
0 0.707107
0 0
