4
1.00000000000000000e+00
42
16 16
3.16565360949813482e-02 0.00000000000000000e+00
0.00000000000000000e+00 0.00000000000000000e+00
0.00000000000000000e+00 0.00000000000000000e+00
-1.20366579994945523e-02 4.48206805065998332e-02
0.00000000000000000e+00 0.00000000000000000e+00
6.00231083336037127e-02 6.44915101445707462e-02
2.52752471418311551e-02 -1.69339519930201896e-02
0.00000000000000000e+00 0.00000000000000000e+00
0.00000000000000000e+00 0.00000000000000000e+00
7.25274774589083626e-02 1.52170628813874595e-02
-1.97975582357059615e-02 -8.72907105774232001e-02
0.00000000000000000e+00 0.00000000000000000e+00
-1.79128346719121673e-02 1.17304819333854202e-02
0.00000000000000000e+00 0.00000000000000000e+00
0.00000000000000000e+00 0.00000000000000000e+00
1.02149310252436995e-01 -8.14756820332658699e-02
0.00000000000000000e+00 0.00000000000000000e+00
-4.63560608085405307e-03 0.00000000000000000e+00
9.68247035291944363e-02 -4.27270175769910304e-02
0.00000000000000000e+00 0.00000000000000000e+00
-8.56069651806461163e-02 -4.08704837981545555e-02
0.00000000000000000e+00 0.00000000000000000e+00
0.00000000000000000e+00 0.00000000000000000e+00
-7.05789348812289330e-02 4.13796313456176110e-02
3.37915244316643604e-02 -4.92989948670879072e-02
0.00000000000000000e+00 0.00000000000000000e+00
0.00000000000000000e+00 0.00000000000000000e+00
-1.11778546242725582e-01 -2.85546993165578869e-02
0.00000000000000000e+00 0.00000000000000000e+00
-1.07036555300703360e-02 -1.87258143377276517e-02
7.98039596446459276e-02 -2.23614222903968270e-02
0.00000000000000000e+00 0.00000000000000000e+00
0.00000000000000000e+00 0.00000000000000000e+00
9.68247035291944363e-02 4.27270175769910304e-02
4.07822031064042495e-02 0.00000000000000000e+00
0.00000000000000000e+00 0.00000000000000000e+00
6.03493474175494232e-02 3.50088790313072343e-02
0.00000000000000000e+00 0.00000000000000000e+00
0.00000000000000000e+00 0.00000000000000000e+00
5.24866457490151123e-02 -5.63754219645709320e-02
1.44223862208087694e-02 -8.96179574761152981e-03
0.00000000000000000e+00 0.00000000000000000e+00
0.00000000000000000e+00 0.00000000000000000e+00
-3.53368038755586533e-02 -1.03467696890443689e-02
0.00000000000000000e+00 0.00000000000000000e+00
-4.93544829154617115e-03 2.36008985434573194e-02
1.07036555300703360e-02 1.87258143377276517e-02
0.00000000000000000e+00 0.00000000000000000e+00
-1.20366579994945523e-02 -4.48206805065998332e-02
0.00000000000000000e+00 0.00000000000000000e+00
0.00000000000000000e+00 0.00000000000000000e+00
-1.27367764396360827e-01 0.00000000000000000e+00
0.00000000000000000e+00 0.00000000000000000e+00
-1.14295080066354235e-01 -6.18601420369572566e-02
-3.55724989643400324e-02 5.59557010317311421e-02
0.00000000000000000e+00 0.00000000000000000e+00
0.00000000000000000e+00 0.00000000000000000e+00
-1.04161568856791481e-01 6.35236947128294677e-02
7.50935494800028802e-02 2.62199665183726338e-02
0.00000000000000000e+00 0.00000000000000000e+00
-6.74175754547887002e-02 -1.18713391089936157e-01
0.00000000000000000e+00 0.00000000000000000e+00
0.00000000000000000e+00 0.00000000000000000e+00
1.79128346719121673e-02 -1.17304819333854202e-02
0.00000000000000000e+00 0.00000000000000000e+00
-8.56069651806461163e-02 4.08704837981545555e-02
6.03493474175494232e-02 -3.50088790313072343e-02
0.00000000000000000e+00 0.00000000000000000e+00
-2.86989312382733425e-02 0.00000000000000000e+00
0.00000000000000000e+00 0.00000000000000000e+00
0.00000000000000000e+00 0.00000000000000000e+00
-1.26085868114032468e-01 -2.55978051814366170e-02
-2.51216495197536215e-03 -5.56551293833356039e-02
0.00000000000000000e+00 0.00000000000000000e+00
0.00000000000000000e+00 0.00000000000000000e+00
2.20184966968419681e-02 5.52937739225428104e-02
0.00000000000000000e+00 0.00000000000000000e+00
3.53368038755586533e-02 1.03467696890443689e-02
-1.11778546242725582e-01 -2.85546993165578869e-02
0.00000000000000000e+00 0.00000000000000000e+00
6.00231083336037127e-02 -6.44915101445707462e-02
0.00000000000000000e+00 0.00000000000000000e+00
0.00000000000000000e+00 0.00000000000000000e+00
-1.14295080066354235e-01 6.18601420369572566e-02
0.00000000000000000e+00 0.00000000000000000e+00
1.71002456183003554e-02 0.00000000000000000e+00
-1.55483919895333909e-02 -6.08459369376706111e-02
0.00000000000000000e+00 0.00000000000000000e+00
0.00000000000000000e+00 0.00000000000000000e+00
-4.51878096854381947e-02 -1.00807208257487305e-01
-9.18386288047626370e-02 6.58252345170811867e-03
0.00000000000000000e+00 0.00000000000000000e+00
-7.50935494800028802e-02 -2.62199665183726338e-02
0.00000000000000000e+00 0.00000000000000000e+00
0.00000000000000000e+00 0.00000000000000000e+00
-1.97975582357059615e-02 -8.72907105774232001e-02
2.52752471418311551e-02 1.69339519930201896e-02
0.00000000000000000e+00 0.00000000000000000e+00
0.00000000000000000e+00 0.00000000000000000e+00
-3.55724989643400324e-02 -5.59557010317311421e-02
0.00000000000000000e+00 0.00000000000000000e+00
-1.55483919895333909e-02 6.08459369376706111e-02
7.86109826830791031e-02 0.00000000000000000e+00
0.00000000000000000e+00 0.00000000000000000e+00
0.00000000000000000e+00 0.00000000000000000e+00
-1.65350539548674638e-02 1.56671947238485237e-01
4.51878096854381947e-02 1.00807208257487305e-01
0.00000000000000000e+00 0.00000000000000000e+00
-1.04161568856791481e-01 6.35236947128294677e-02
0.00000000000000000e+00 0.00000000000000000e+00
0.00000000000000000e+00 0.00000000000000000e+00
-7.25274774589083626e-02 -1.52170628813874595e-02
0.00000000000000000e+00 0.00000000000000000e+00
-7.05789348812289330e-02 -4.13796313456176110e-02
5.24866457490151123e-02 5.63754219645709320e-02
0.00000000000000000e+00 0.00000000000000000e+00
-1.26085868114032468e-01 2.55978051814366170e-02
0.00000000000000000e+00 0.00000000000000000e+00
0.00000000000000000e+00 0.00000000000000000e+00
-7.44766578727684703e-03 0.00000000000000000e+00
-4.56222652338123674e-04 -2.90246412471707287e-02
0.00000000000000000e+00 0.00000000000000000e+00
0.00000000000000000e+00 0.00000000000000000e+00
2.51216495197536215e-03 5.56551293833356039e-02
0.00000000000000000e+00 0.00000000000000000e+00
1.44223862208087694e-02 -8.96179574761152981e-03
-3.37915244316643604e-02 4.92989948670879072e-02
0.00000000000000000e+00 0.00000000000000000e+00
0.00000000000000000e+00 0.00000000000000000e+00
3.37915244316643604e-02 4.92989948670879072e-02
1.44223862208087694e-02 8.96179574761152981e-03
0.00000000000000000e+00 0.00000000000000000e+00
-2.51216495197536215e-03 5.56551293833356039e-02
0.00000000000000000e+00 0.00000000000000000e+00
0.00000000000000000e+00 0.00000000000000000e+00
-4.56222652338123674e-04 2.90246412471707287e-02
-7.44766578727684703e-03 0.00000000000000000e+00
0.00000000000000000e+00 0.00000000000000000e+00
0.00000000000000000e+00 0.00000000000000000e+00
1.26085868114032468e-01 2.55978051814366170e-02
0.00000000000000000e+00 0.00000000000000000e+00
5.24866457490151123e-02 -5.63754219645709320e-02
7.05789348812289330e-02 -4.13796313456176110e-02
0.00000000000000000e+00 0.00000000000000000e+00
7.25274774589083626e-02 -1.52170628813874595e-02
0.00000000000000000e+00 0.00000000000000000e+00
0.00000000000000000e+00 0.00000000000000000e+00
-1.04161568856791481e-01 -6.35236947128294677e-02
0.00000000000000000e+00 0.00000000000000000e+00
-4.51878096854381947e-02 1.00807208257487305e-01
-1.65350539548674638e-02 -1.56671947238485237e-01
0.00000000000000000e+00 0.00000000000000000e+00
0.00000000000000000e+00 0.00000000000000000e+00
7.86109826830791031e-02 0.00000000000000000e+00
1.55483919895333909e-02 6.08459369376706111e-02
0.00000000000000000e+00 0.00000000000000000e+00
-3.55724989643400324e-02 5.59557010317311421e-02
0.00000000000000000e+00 0.00000000000000000e+00
0.00000000000000000e+00 0.00000000000000000e+00
-2.52752471418311551e-02 1.69339519930201896e-02
-1.97975582357059615e-02 8.72907105774232001e-02
0.00000000000000000e+00 0.00000000000000000e+00
0.00000000000000000e+00 0.00000000000000000e+00
7.50935494800028802e-02 -2.62199665183726338e-02
0.00000000000000000e+00 0.00000000000000000e+00
-9.18386288047626370e-02 -6.58252345170811867e-03
4.51878096854381947e-02 -1.00807208257487305e-01
0.00000000000000000e+00 0.00000000000000000e+00
0.00000000000000000e+00 0.00000000000000000e+00
1.55483919895333909e-02 -6.08459369376706111e-02
1.71002456183003554e-02 0.00000000000000000e+00
0.00000000000000000e+00 0.00000000000000000e+00
1.14295080066354235e-01 6.18601420369572566e-02
0.00000000000000000e+00 0.00000000000000000e+00
0.00000000000000000e+00 0.00000000000000000e+00
6.00231083336037127e-02 6.44915101445707462e-02
0.00000000000000000e+00 0.00000000000000000e+00
-1.11778546242725582e-01 2.85546993165578869e-02
-3.53368038755586533e-02 1.03467696890443689e-02
0.00000000000000000e+00 0.00000000000000000e+00
2.20184966968419681e-02 -5.52937739225428104e-02
0.00000000000000000e+00 0.00000000000000000e+00
0.00000000000000000e+00 0.00000000000000000e+00
2.51216495197536215e-03 -5.56551293833356039e-02
1.26085868114032468e-01 -2.55978051814366170e-02
0.00000000000000000e+00 0.00000000000000000e+00
0.00000000000000000e+00 0.00000000000000000e+00
-2.86989312382733425e-02 0.00000000000000000e+00
0.00000000000000000e+00 0.00000000000000000e+00
-6.03493474175494232e-02 -3.50088790313072343e-02
-8.56069651806461163e-02 -4.08704837981545555e-02
0.00000000000000000e+00 0.00000000000000000e+00
-1.79128346719121673e-02 -1.17304819333854202e-02
0.00000000000000000e+00 0.00000000000000000e+00
0.00000000000000000e+00 0.00000000000000000e+00
-6.74175754547887002e-02 1.18713391089936157e-01
0.00000000000000000e+00 0.00000000000000000e+00
-7.50935494800028802e-02 2.62199665183726338e-02
-1.04161568856791481e-01 -6.35236947128294677e-02
0.00000000000000000e+00 0.00000000000000000e+00
0.00000000000000000e+00 0.00000000000000000e+00
-3.55724989643400324e-02 -5.59557010317311421e-02
1.14295080066354235e-01 -6.18601420369572566e-02
0.00000000000000000e+00 0.00000000000000000e+00
-1.27367764396360827e-01 0.00000000000000000e+00
0.00000000000000000e+00 0.00000000000000000e+00
0.00000000000000000e+00 0.00000000000000000e+00
1.20366579994945523e-02 -4.48206805065998332e-02
0.00000000000000000e+00 0.00000000000000000e+00
-1.07036555300703360e-02 1.87258143377276517e-02
-4.93544829154617115e-03 -2.36008985434573194e-02
0.00000000000000000e+00 0.00000000000000000e+00
3.53368038755586533e-02 -1.03467696890443689e-02
0.00000000000000000e+00 0.00000000000000000e+00
0.00000000000000000e+00 0.00000000000000000e+00
1.44223862208087694e-02 8.96179574761152981e-03
5.24866457490151123e-02 5.63754219645709320e-02
0.00000000000000000e+00 0.00000000000000000e+00
0.00000000000000000e+00 0.00000000000000000e+00
-6.03493474175494232e-02 3.50088790313072343e-02
0.00000000000000000e+00 0.00000000000000000e+00
4.07822031064042495e-02 0.00000000000000000e+00
-9.68247035291944363e-02 4.27270175769910304e-02
0.00000000000000000e+00 0.00000000000000000e+00
0.00000000000000000e+00 0.00000000000000000e+00
7.98039596446459276e-02 2.23614222903968270e-02
1.07036555300703360e-02 -1.87258143377276517e-02
0.00000000000000000e+00 0.00000000000000000e+00
-1.11778546242725582e-01 2.85546993165578869e-02
0.00000000000000000e+00 0.00000000000000000e+00
0.00000000000000000e+00 0.00000000000000000e+00
-3.37915244316643604e-02 -4.92989948670879072e-02
7.05789348812289330e-02 4.13796313456176110e-02
0.00000000000000000e+00 0.00000000000000000e+00
0.00000000000000000e+00 0.00000000000000000e+00
-8.56069651806461163e-02 4.08704837981545555e-02
0.00000000000000000e+00 0.00000000000000000e+00
-9.68247035291944363e-02 -4.27270175769910304e-02
-4.63560608085405307e-03 0.00000000000000000e+00
0.00000000000000000e+00 0.00000000000000000e+00
1.02149310252436995e-01 8.14756820332658699e-02
0.00000000000000000e+00 0.00000000000000000e+00
0.00000000000000000e+00 0.00000000000000000e+00
1.79128346719121673e-02 1.17304819333854202e-02
0.00000000000000000e+00 0.00000000000000000e+00
-1.97975582357059615e-02 8.72907105774232001e-02
-7.25274774589083626e-02 1.52170628813874595e-02
0.00000000000000000e+00 0.00000000000000000e+00
0.00000000000000000e+00 0.00000000000000000e+00
-2.52752471418311551e-02 -1.69339519930201896e-02
6.00231083336037127e-02 -6.44915101445707462e-02
0.00000000000000000e+00 0.00000000000000000e+00
1.20366579994945523e-02 4.48206805065998332e-02
0.00000000000000000e+00 0.00000000000000000e+00
0.00000000000000000e+00 0.00000000000000000e+00
3.16565360949813482e-02 0.00000000000000000e+00
-4.12415029009513934e-01
-3.39427608746766918e-01
-2.51871616246623131e-01
-2.31710013215767924e-01
-1.43581952335016444e-01
-1.22395959059410850e-01
-5.63974596758242894e-02
-3.45802112737135384e-03
3.60912568937557313e-02
9.19084721212391903e-02
9.42290371665165383e-02
1.62740792445027149e-01
1.98029960184991222e-01
2.65498370673665829e-01
3.15612296033085271e-01
3.97147473898015635e-01
